Start: [1.151852, 1.387007, -2.760565]
P1: [-0.388137, 1.696031, 1.570348]
P2: [0.285375, 1.994336, 1.993544]
P3: [0.789181, 0.320236, -0.296769]
P4: [-0.295182, -0.042041, -1.896639]
P5: [-0.601870, 2.233506, 1.089086]
P6: [0.216614, 0.284141, -0.753053]
Finish: [1.936876, 0.540055, 2.908504]
